1770685726397 0.8910540301151462 1
1770685752989 0.9353410097431355 2
1770685777704 0.9441984056687334 3
1770685802931 0.9557130203720107 4
1770685830402 0.9627989371124889 5
1770685867410 0.9654561558901683 6
1770685901654 0.9672276350752879 7
1770685932596 0.975199291408326 8
1770685959564 0.975199291408326 9
1770685986306 0.9778565101860053 10
1770686016094 0.975199291408326 11
1770686053535 0.9760850310008857 12
1770686087683 0.978742249778565 13
1770686120471 0.9858281665190434 14
1770686153802 0.983170947741364 15
1770686187365 0.9867139061116031 16
1770686217561 0.9902568644818424 17
1770686249973 0.9902568644818424 18
1770686282562 0.9920283436669619 19
1770686311423 0.9946855624446412 20
1770686342099 0.9920283436669619 21
1770686372392 0.9929140832595217 22
1770686401701 0.9964570416297609 23
1770686432061 0.995571302037201 24
1770686465005 0.995571302037201 25
