1770685726392 0.3388103659275467 1
1770685752983 0.2795453320782833 2
1770685777698 0.21676023887838275 3
1770685802922 0.18413361815275398 4
1770685830394 0.15237028566844912 5
1770685867400 0.1274134879164642 6
1770685901646 0.1362658734305492 7
1770685932589 0.10929746763158732 8
1770685959557 0.12425508246525291 9
1770685986299 0.09373443642964437 10
1770686016084 0.09419310738335045 11
1770686053523 0.09807896226037383 12
1770686087675 0.09246391307420705 13
1770686120463 0.08027149709164304 14
1770686153793 0.07472705836816171 15
1770686187358 0.0583793787381375 16
1770686217554 0.04710098293315425 17
1770686249957 0.04273365729672387 18
1770686282554 0.03302178042548964 19
1770686311417 0.02413804993659103 20
1770686342088 0.026855546423457596 21
1770686372385 0.026419532005415292 22
1770686401694 0.016579039772251492 23
1770686432050 0.027938379751034973 24
1770686464995 0.014669660188462271 25
