1770685726412 0.0009972609476841367 1
1770685753008 0.0009890738003669028 2
1770685777722 0.0009755282581475768 3
1770685802960 0.0009567727288213003 4
1770685830424 0.0009330127018922195 5
1770685867438 0.0009045084971874739 6
1770685901678 0.0008715724127386972 7
1770685932615 0.0008345653031794292 8
1770685959581 0.0007938926261462366 9
1770685986330 0.00075 10
1770686016124 0.0007033683215379003 11
1770686053573 0.0006545084971874739 12
1770686087706 0.0006039558454088797 13
1770686120491 0.0005522642316338269 14
1770686153827 0.0005000000000000002 15
1770686187385 0.0004477357683661734 16
1770686217581 0.00039604415459112036 17
1770686250015 0.0003454915028125264 18
1770686282584 0.00029663167846210003 19
1770686311443 0.00025000000000000017 20
1770686342128 0.00020610737385376354 21
1770686372413 0.00016543469682057108 22
1770686401722 0.00012842758726130303 23
1770686432090 9.549150281252637e-05 24
1770686465031 6.698729810778068e-05 25
