1770686515918 0.0009972609476841367 1
1770686533199 0.0009890738003669028 2
1770686551064 0.0009755282581475768 3
1770686571189 0.0009567727288213003 4
1770686594729 0.0009330127018922195 5
1770686612776 0.0009045084971874739 6
1770686630859 0.0008715724127386972 7
1770686650479 0.0008345653031794292 8
1770686672506 0.0007938926261462366 9
1770686691065 0.00075 10
1770686708908 0.0007033683215379003 11
1770686724599 0.0006545084971874739 12
1770686740128 0.0006039558454088797 13
1770686756081 0.0005522642316338269 14
1770686771766 0.0005000000000000002 15
1770686789625 0.0004477357683661734 16
