1770686515902 0.8963684676705048 1
1770686533180 0.9406554472984943 2
1770686551041 0.9486271036315324 3
1770686571162 0.9672276350752879 4
1770686594709 0.9530558015943312 5
1770686612757 0.9610274579273693 6
1770686630836 0.9743135518157662 7
1770686650455 0.9769707705934455 8
1770686672486 0.9725420726306466 9
1770686691043 0.9778565101860053 10
1770686708891 0.9743135518157662 11
1770686724583 0.9822852081488043 12
1770686740109 0.9822852081488043 13
1770686756065 0.9858281665190434 14
1770686771750 0.9884853852967228 15
1770686789609 0.9867139061116031 16
