1770686515897 0.3519116777355846 1
1770686533174 0.21706700589643102 2
1770686551034 0.20153636843678802 3
1770686571152 0.143266863477531 4
1770686594702 0.17586213878897886 5
1770686612750 0.13715333971331034 6
1770686630829 0.1320948524217462 7
1770686650445 0.11454886783399447 8
1770686672479 0.12274965599048933 9
1770686691035 0.08078199163066063 10
1770686708886 0.08917403186814145 11
1770686724578 0.09068271409525504 12
1770686740102 0.07902957402512867 13
1770686756060 0.06718736027422682 14
1770686771744 0.06592610367533377 15
1770686789604 0.050850584031477825 16
